eos_singleSpeciesA = 7.2000001
eos_singleSpeciesZ = 3.6800001

