eos_singleSpeciesA = 6.0000001
eos_singleSpeciesZ = 2.7000001

