eos_singleSpeciesA = 6.0000001
eos_singleSpeciesZ = 4.5000001

